"Paesi" "NAT" "MOR" "CR.N" "MIG" "CR.T" "M.IN" "VEC" "N.FI" "E.P" "NU" "E.M" "V.M" "V.F"
"Austria"  9.650613  9.662970 -0.01235674   2.44663433   2.4342776  4.3  92.0 1.320000 28.10000  4.900000 27.00000 75.10000 81.00000
"Belgio" 11.167121 10.267493  0.89962793   1.57434887   2.4739768  5.3  95.0 1.610000 28.50000  4.300000 26.10000 74.80000 81.10000
"Danimarca" 12.437998 11.122802  1.31519615   1.76612055   3.0813167  4.2  80.6 1.730000 29.60000  6.700000 29.70000 74.20000 79.00000
"Finlandia" 11.151013  9.544183  1.60683000   0.65821952   2.2650495  3.6  81.4 1.740000 29.60000  4.700000 27.70000 73.80000 81.00000
"Francia" 12.590642  9.164214  3.42642783   0.84603156   4.2724594  4.8  84.3 1.770000 29.30000  4.800000 27.60000 74.90000 82.40000
"Germania"  9.387304 10.308129 -0.92082545   2.46162466   1.5407992  4.7 100.7 1.360000 28.60000  5.200000 26.90000 74.50000 80.50000
"Grecia"  9.683207  9.778141 -0.09493340   2.37333511   2.2784017  5.9 113.6 1.300000 28.70000  5.900000 26.50000 75.40000 80.40000
"Irlanda" 14.191384  8.440279  5.75110496   5.32509718  11.0762021  5.5  51.3 1.880000 30.50000  4.900000 28.20000 73.90000 79.00000
"Italia"  9.318882  9.912154 -0.59327209   1.75899969   1.1657276  5.2 124.5 1.220000 30.00000  4.800000 27.60000 76.00000 82.10000
"Lussemburgo" 12.949474  8.787143  4.16233091  10.86830847  15.0306394  2.9  75.4 1.730000 29.40000  4.800000 27.40000 74.70000 81.20000
"Paesi Bassi" 12.673878  8.885628  3.78825010   2.77003931   6.5582894  5.2  73.1 1.650000 30.30000  5.700000 27.70000 75.30000 80.50000
"Portogallo" 11.613297 10.802369  0.81092851   1.00114631   1.8120748  5.6  91.6 1.490000 28.60000  6.900000 25.80000 72.00000 79.10000
"Regno Unito" 11.766624 10.622226  1.14439741   2.75764486   3.9020423  5.8  81.9 1.680000 28.40000  5.100000 27.00000 75.00000 79.80000
"Spagna"  9.584454  9.396722  0.18773149   1.01476483   1.2024963  4.9 110.6 1.200000 30.60000  5.200000 27.50000 75.00000 82.00000
"Svezia"  9.957213 10.691022 -0.73380824   1.54664198   0.8128337  3.4  93.5 1.500000 29.80000  4.000000 29.80000 77.10000 81.90000
"UE" 10.434491  9.933697  0.50079388   1.92418678   2.4249807  5.0  97.2 1.475972 29.23620  5.096867 27.29903 74.94013 81.05716
"Albania"  0.225368  5.127122 -4.90175364  -3.80308472  -8.7048384 30.7  18.8 2.600000 28.30000  7.200000 22.90000 68.50000 75.40000
"Bielorussia"  9.208787 14.060728 -4.85194152 -10.90201554 -15.7539571 11.5  70.2 1.290000 24.90000  7.200000 22.20000 62.20000 74.00000
"Bosnia-Erzegovina" 13.104102  7.553811  5.55029105  -4.46730743   1.0829836 11.0  28.5 1.560000 26.00000  6.300000 23.30000 69.70000 75.20000
"Bulgaria"  8.806495 13.617788 -4.81129375   0.00000000  -4.8112938 14.9 101.8 1.230000 24.70000  4.300000 23.50000 68.30000 75.10000
"Cipro" 12.746465  7.568214  5.17825134  -0.79665405   4.3815973  6.0  48.6 1.840000 28.60000 12.800000 25.60000 75.30000 80.40000
"Croazia" 10.392075 11.539395 -1.14732035  -0.97080952  -2.1181299  7.7  62.5 1.380000 27.80000  5.200000 25.10000 69.90000 76.80000
"Estonia"  8.665812 12.825401 -4.15958959  -0.34663247  -4.5062221  9.6  80.6 1.240000 26.60000  3.900000 24.50000 65.50000 76.30000
"Islanda" 14.782765  6.850550  7.93221561   3.96610781  11.8983234  2.4  49.6 1.990000 28.70000  5.600000 29.80000 77.80000 81.50000
"Iugoslavia " 12.429331 10.543241  1.88608962  -0.04715224   1.8389374 13.8  62.6 1.770000 26.80000  5.300000 24.20000 70.00000 74.90000
"Lettonia"  7.977958 13.529629 -5.55167167  -0.78134638  -6.3330181 11.6  82.2 1.160000 26.80000  3.900000 24.20000 64.80000 75.40000
"Lituania"  9.838769 10.811834 -0.97306502   0.35138459  -0.6216804  8.6  67.5 1.350000 26.50000  4.800000 23.10000 67.00000 77.20000
"Macedonia" 14.545092  8.418221  6.12687106  -0.99623920   5.1306319 14.7  41.4 1.760000 26.20000  7.000000 23.30000 70.40000 74.50000
"Malta" 11.922109  7.948073  3.97403630   1.58961452   5.5636508  7.2  57.5 1.810000 28.90000  6.300000 26.70000 74.00000 80.10000
"Moldova" 10.146364 11.405913 -1.25954866  -1.42282349  -2.6823721 17.9  38.0 1.670000 25.30000  6.500000 21.70000 64.20000 71.50000
"Norvegia" 13.290153 10.130100  3.16005334   4.25822790   7.4182812  3.9  76.3 1.840000 29.30000  5.300000 28.20000 75.60000 81.10000
"Polonia"  9.880937  9.865417  0.01551980  -0.36212859  -0.3466088  8.8  61.7 1.370000 27.20000  5.700000 23.30000 68.20000 77.20000
"Repubblica ceca"  8.702966 10.676935 -1.97396889   0.85571065  -1.1182582  4.6  83.1 1.130000 26.90000  5.200000 24.10000 71.40000 78.20000
"Romania" 10.439635 11.801327 -1.36169152  -0.11124931  -1.4729408 18.5  71.2 1.300000 25.60000  6.200000 23.20000 67.10000 74.10000
"Russia"  8.323090 14.692682 -6.36959260   1.10453779  -5.2650548 16.9  68.4 1.170000 25.70000  6.200000 22.10000 59.90000 72.40000
"San Marino" 11.320755  7.547170  3.77358491  11.32075472  15.0943396  3.3 106.3 1.300000 32.20000  8.700000 28.40000 80.40000 82.60000
"Slovacchia" 10.414929  9.710717  0.70421230   0.25944664   0.9636589  8.2  57.5 1.330000 26.40000  5.100000 23.20000 69.00000 77.20000
"Slovenia"  8.825013  9.682300 -0.85728694   5.59757943   4.7402925  4.2  86.0 1.210000 28.00000  3.900000 26.30000 71.80000 79.30000
"Svizzera" 10.974321  8.748661  2.22565947   3.49946458   5.7251241  4.6  87.6 1.480000 29.70000  5.700000 27.70000 76.80000 82.50000
"Turchia" 21.092931  6.251625 14.84130673   0.64595921  15.4872659 37.9  17.0 1.100000 26.60000  6.200000 22.60000 66.50000 71.20000
"Ungheria"  9.406553 14.224059 -4.81750592   0.00000000  -4.8175059  8.4  85.5 1.290000 27.10000  4.500000 24.20000 66.40000 75.20000
